char, left, right, top, bottom, offset_y, offset_x
a, 5, 21, 12, 30
A, 24, 44, 7, 30
à, 49, 65, 5, 30
À, 68, 88, 1, 30
á, 93, 111, 5, 30
Á, 112, 134, 1, 30
ã, 137, 155, 5, 30
Ã, 157, 178, 1, 30
â, 181, 198, 5, 30
Â, 201, 221, 1, 30
ä, 225, 244, 5, 30
Ä, 245, 266, 1, 30
e, 270, 287, 12, 30
E, 292, 310, 7, 30
é, 314, 333, 5, 30
É, 336, 356, 1, 30
è, 358, 375, 5, 30
È, 381, 398, 1, 30
ê, 402, 419, 5, 30
Ê, 425, 443, 1, 30
ë, 447, 464, 5, 30
Ë, 469, 487, 1, 30
i, 491, 506, 5, 30
I, 513, 531, 7, 30
í, 535, 553, 5, 30
Í, 557, 576, 1, 30
ì, 579, 595, 5, 30
Ì, 601, 619, 1, 30
î, 623, 640, 5, 30
Î, 645, 664, 1, 30
ï, 667, 685, 5, 30
Ï, 689, 708, 1, 30
o, 712, 729, 12, 30
O, 733, 752, 7, 30
ó, 756, 774, 5, 30
Ó, 777, 797, 1, 30
ò, 800, 817, 5, 30
Ò, 822, 841, 1, 30
ô, 844, 862, 5, 30
Ô, 866, 885, 1, 30
õ, 888, 906, 5, 30
Õ, 910, 929, 1, 30
ö, 932, 950, 5, 30
Ö, 954, 973, 1, 30
u, 977, 994, 12, 30
U, 999, 1018, 7, 30
ú, 1021, 1039, 5, 30
Ú, 1043, 1063, 1, 30
ù, 1066, 1083, 5, 30
Ù, 1087, 1107, 1, 30
û, 1110, 1127, 5, 30
Û, 1131, 1152, 1, 30
ü, 1154, 1171, 5, 30
Ü, 1176, 1195, 1, 30
b, 1198, 1215, 5, 30
B, 1220, 1238, 7, 30
c, 1243, 1259, 12, 30
C, 1264, 1283, 7, 30 
ç, 1287, 1303, 12, 35, 30
Ç, 1308, 1327, 7, 35, 30
d, 1330, 1349, 5, 30
D, 1352, 1371, 7, 30
f, 1375, 1394, 5, 30
F, 1397, 1415, 7, 30
g, 1417, 1437, 12, 37, 30
G, 1441, 1460, 7, 30
h, 1463, 1480, 5, 30
H, 1484, 1504, 7, 30
j, 1506, 1524, 5, 37, 30
J, 1530, 1546, 7, 30
k, 1552, 1570, 5, 30
K, 1573, 1593, 7, 30
l, 1596, 1611, 5, 30
L, 1619, 1633, 7, 30
m, 1639, 1658, 12, 30
M, 1660, 1681, 7, 30
n, 1684, 1701, 12, 30
N, 1705, 1725, 7, 30
p, 1727, 1746, 12, 37, 30
P, 1750, 1768, 7, 30
q, 1772, 1790, 12, 37, 30
Q, 1794, 1813, 7, 36, 30
r, 1817, 1834, 12, 30
R, 1839, 1856, 7, 30
s, 1861, 1877, 12, 30
S, 1882, 1900, 7, 30
t, 1906, 1922, 7, 30
T, 1929, 1946, 7, 30
v, 1950, 1968, 12, 30
V, 1972, 1992, 7, 30
w, 1993, 2013, 12, 30
W, 2015, 2036, 7, 30
x, 2036, 2056, 12, 30
X, 2057, 2079, 7, 30
y, 2079, 2101, 12, 37, 30
Y, 2105, 2125, 7, 30
z, 2126, 2143, 12, 30
Z, 2147, 2168, 7, 30
0, 2170, 2188, 7, 30
1, 2192, 2209, 7, 30
2, 2214, 2232, 7, 30
3, 2236, 2253, 7, 30
4, 2257, 2276, 7, 30
5, 2281, 2298, 7, 30
6, 2303, 2320, 7, 30
7, 2326, 2344, 7, 30
8, 2347, 2365, 7, 30
9, 2369, 2387, 7, 30
+, 2391, 2409, 12, 30
-, 2416, 2428, 18, 30
=, 2435, 2453, 15, 30
/, 2456, 2476, 5, 34, 30
*, 2482, 2498, 5, 23
%, 2499, 2523, 5, 30
\, 2527, 2539, 5, 30
#, 2545, 2565, 7, 30
§, 2567, 2585, 5, 34, 30
@, 2588, 2610, 5, 37, 30
(, 2615, 2629, 4, 37, 30
{, 2635, 2652, 5, 37, 30
[, 2658, 2673, 5, 37, 30
], 2679, 2694, 5, 37, 30
}, 2700, 2717, 5, 37, 30 
), 2723, 2737, 5, 37, 30
|, 2748,  2759, 1, 37, 30 
_, 2763, 2783, 33, 37
_", 2793, 2806, 5, 30
', 2819, 2825, 5, 30
!, 2837, 2847, 5, 30
?, 2858, 2872, 5, 30
, 2877, 2888, 23, 36, 30
., 2903, 2911, 23, 30
:, 2925, 2934, 12, 33
;, 2944, 2957, 12, 36, 30
ª, 2967, 2981, 7, 30
º, 2989, 3004, 7, 30
°, 3013, 3027, 5, 30
¹, 3035, 3047, 5, 30
², 3057, 3070, 5, 30
³, 3080, 3092, 5, 30
£, 3097, 3117, 7, 30
¢, 3121, 3137, 4, 35, 30
¬, 3142, 3159, 18, 30 
¨, 3169, 3182, 5, 30
<, 3187, 3203, 10, 30
>, 3209, 3225, 10, 30
&, 3230, 3248, 6, 30
$, 3252, 3270, 4, 34, 30
~, 3274, 3293, 16, 30