char, left, right, top, bottom, offset_y, offset_x
a, 3, 21, 13, 31
A, 24, 44, 8, 31
à, 47, 65, 6, 31
À, 68, 88, 2, 31
á, 92, 108, 6, 31
Á, 112, 133, 2, 31
ã, 136, 153, 6, 31
Ã, 157, 176, 1, 31
â, 180, 196, 6, 31
Â, 201, 220, 2, 31
ä, 224, 240, 6, 31
Ä, 245, 265, 2, 31
e, 268, 285, 13, 31
E, 292, 307, 8, 31
é, 313, 331, 6, 31
É, 336, 351, 2, 31
è, 357, 374, 6, 31
È, 380, 395, 2, 31
ê, 401, 418, 6, 31
Ê, 424, 440, 2, 31
ë, 445, 463, 6, 31
Ë, 469, 483, 2, 31
i, 490, 506, 6, 31
I, 512, 528, 8, 31
í, 534, 552, 6, 31
Í, 556, 572, 2, 31
ì, 578, 596, 6, 31
Ì, 601, 616, 2, 31
î, 623, 640, 6, 31
Î, 646, 660, 2, 31
ï, 667, 683, 6, 31
Ï, 689, 704, 2, 31
o, 710, 729, 13, 31
O, 731, 750, 8, 31
ó, 754, 773, 6, 31
Ó, 775, 795, 2, 31
ò, 798, 816, 6, 31
Ò, 820, 839, 2, 31
ô, 842, 860, 6, 31
Ô, 864, 883, 2, 31
õ, 887, 905, 6, 31
Õ, 908, 927, 1, 31
ö, 931, 950, 6, 31
Ö, 952, 971, 2, 31
u, 976, 992, 13, 31
U, 997, 1015, 6, 31
ú, 1020, 1036, 6, 31
Ú, 1042, 1059, 2, 31
ù, 1064, 1080, 6, 31
Ù, 1086, 1104, 2, 31
û, 1109, 1124, 6, 31
Û, 1130, 1147, 2, 31
ü, 1153, 1169, 6, 31
Ü, 1174, 1193, 2, 31
b, 1197, 1214, 6, 31
B, 1219, 1236, 8, 31
c, 1241, 1257, 13, 31
C, 1262, 1279, 8, 31
ç, 1285, 1301, 13, 36, 31 
Ç, 1306, 1323, 8, 36, 31
d, 1329, 1345, 6, 31
D, 1351, 1369, 8, 31
f, 1373, 1391, 6, 31
F, 1397, 1411, 8, 31
g, 1417, 1435, 13, 38, 31
G, 1439, 1457, 8, 31
h, 1462, 1478, 6, 31
H, 1483, 1501, 8, 31
j, 1506, 1521, 6, 38, 31
J, 1529, 1543, 8, 39, 31
k, 1551, 1569, 6, 31
K, 1573, 1590, 8, 31
l, 1595, 1612, 6, 31
L, 1618, 1634, 8, 31
m, 1638, 1656, 13, 31
M, 1660, 1678, 8, 31
n, 1683, 1699, 13, 31
N, 1704, 1722, 8, 31
p, 1727, 1744, 13, 39, 31
P, 1749, 1766, 8, 31
q, 1770, 1787, 13, 39, 31
Q, 1792, 1812, 8, 38, 31
r, 1816, 1832, 13, 31
R, 1838, 1856, 8, 31
s, 1860, 1876, 13, 31
S, 1881, 1899, 8, 31
t, 1903, 1921, 8, 31
T, 1925, 1944, 8, 31
v, 1946, 1966, 13, 31
V, 1968, 1989, 8, 31
w, 1990, 2010, 13, 31
W, 2013, 2032, 8, 31
x, 2035, 2054, 13, 31
X, 2057, 2076, 8, 31
y, 2079, 2099, 13, 38, 31
Y, 2101, 2121, 8, 31
z, 2125, 2141, 13, 31
Z, 2147, 2164, 8, 31
0, 2168, 2187, 8, 31
1, 2192, 2209, 8, 31
2, 2213, 2230, 8, 31
3, 2235, 2252, 8, 31
4, 2256, 2275, 8, 31
5, 2280, 2296, 8, 31
6, 2301, 2320, 8, 31
7, 2323, 2341, 8, 31
8, 2345, 2363, 8, 31
9, 2367, 2386, 8, 31
+, 2389, 2408, 13, 31
-, 2414, 2426, 16, 31
=, 2434, 2450, 16, 31
/, 2456, 2472, 6, 35
*, 2479, 2494, 6, 25
%, 2498, 2520, 6, 31
\, 2522, 2540, 6, 35
#, 2543, 2563, 8, 31
§, 2566, 2585, 6, 36, 33
@, 2587, 2607, 6, 38, 33
(, 2613, 2627, 5, 38, 33
{, 2633, 2649, 5, 38, 33
[, 2658, 2669, 5, 38, 33
], 2679, 2691, 5, 38, 33
}, 2701, 2715, 5, 38, 33
), 2723, 2735, 5, 38, 33
|, 2749, 2754, 2, 38, 33
_, 2764, 2785, 33, 38
_", 2790, 2803, 6, 31
', 2815, 2822, 6, 31
!, 2837, 2844, 6, 31
?, 2857, 2870, 6, 31
, 2878, 2888, 23, 37, 31 
., 2902, 2911, 23, 31
:, 2924, 2932, 13, 35
;, 2944, 2955, 13, 37, 31
ª, 2966, 2980, 8, 31
º, 2988, 3002, 8, 31
°, 3010, 3024, 6, 31
¹, 3033, 3045, 6, 31
², 3055, 3067, 6, 31
³, 3077, 3089, 6, 31
£, 3096, 3114, 8, 31
¢, 3119, 3134, 5, 36, 31
¬, 3141, 3158, 19, 31
¨, 3165, 3179, 6, 31
~, 3184, 3204, 17, 31
$, 3207, 3225, 5, 36, 31
<, 3230, 3246, 11, 33
>, 3253, 3269, 11, 33
&, 3272, 3292, 6, 31