char, left, right, top, bottom, offset_y, offset_x
a, 4, 19, 12, 30
A, 24, 44, 7, 30
à, 48, 63, 5, 30
À, 69, 88, 1, 30
á, 92, 108, 5, 30
Á, 113, 132, 1, 30
ã, 136, 152, 5, 30
Ã, 157, 176, 1, 30
â, 181, 196, 5, 30
Â, 201, 220, 1, 30
ä, 225, 240, 5, 30
Ä, 246, 264, 1, 30
e, 269, 285, 12, 30
E, 293, 306, 7, 30
é, 313, 329, 5, 30
É, 336, 350, 1, 30
è, 357, 374, 5, 30
È, 381, 394, 1, 30
ê, 401, 418, 5, 30
Ê, 425, 438, 1, 30
ë, 446, 462, 5, 30
Ë, 469, 483, 1, 30
i, 491, 506, 5, 30
I, 513, 527, 7, 30
í, 535, 550, 5, 30
Í, 557, 571, 1, 30
ì, 579, 594, 5, 30
Ì, 601, 615, 1, 30
î, 623, 638, 5, 30
Î, 645, 660, 1, 30
ï, 667, 682, 5, 30
Ï, 689, 704, 1, 30
o, 710, 728, 12, 30
O, 732, 750, 7, 30
ó, 755, 772, 5, 30
Ó, 776, 794, 1, 30
ò, 798, 816, 5, 30
Ò, 820, 839, 1, 30
ô, 843, 861, 5, 30
Ô, 865, 883, 1, 30
õ, 887, 904, 5, 30
Õ, 909, 927, 1, 30
ö, 931, 948, 5, 30 
Ö, 953, 971, 1, 30
u, 977, 992, 12, 30
U, 998, 1015, 7, 30
ú, 1021, 1036, 5, 30
Ú, 1042, 1059, 1, 30
ù, 1065, 1080, 5, 30
Ù, 1086, 1103, 1, 30
û, 1109, 1124, 5, 30
Û, 1130, 1147, 1, 30
ü, 1153, 1169, 5, 30
Ü, 1174, 1191, 1, 30
b, 1197, 1213, 5, 30
B, 1220, 1235, 7, 30
c, 1242, 1256, 12, 30
C, 1262, 1280, 7, 30
ç, 1286, 1301, 12, 35, 30
Ç, 1307, 1323, 7, 35, 30
d, 1329, 1345, 5, 30
D, 1351, 1369, 7, 30
f, 1373, 1391, 5, 30
F, 1397, 1411, 7, 30
g, 1417, 1435, 12, 38, 30
G, 1439, 1456, 7, 30
h, 1463, 1479, 5, 30
H, 1484, 1500, 7, 30
j, 1506, 1520, 5, 38, 30 
J, 1529, 1543, 7, 30
k, 1551, 1568, 5, 30
K, 1573, 1589, 7, 30
l, 1595, 1611, 5, 30
L, 1618, 1633, 7, 30
m, 1638, 1656, 12, 30
M, 1660, 1678, 7, 30
n, 1684, 1699, 12, 30
N, 1705, 1721, 7, 30
p, 1728, 1744, 12, 37, 30
P, 1750, 1766, 7, 30
q, 1771, 1787, 12, 37,30
Q, 1792, 1812, 7, 36, 30
r, 1817, 1832, 12, 30
R, 1838, 1856, 7, 30
s, 1861, 1875, 12, 30
S, 1881, 1898, 7, 30
t, 1903, 1920, 7, 30
T, 1925, 1943, 7, 30
v, 1947, 1965, 12, 30
V, 1968, 1988, 7, 30
w, 1991, 2010, 12, 30
W, 2013, 2032, 7, 30
x, 2036, 2054, 12, 30
X, 2057, 2076, 7, 30
y, 2079, 2099, 12, 37, 30
Y, 2101, 2121, 7, 30
z, 2126, 2141, 12, 30
Z, 2147, 2164, 7, 30
0, 2168, 2186, 7, 30
1, 2192, 2207, 7, 30
2, 2214, 2230,7, 30
3, 2236, 2251, 7, 30
4, 2256, 2276, 7, 30
5, 2280, 2296, 7, 30
6, 2302, 2319, 7, 30
7, 2324, 2340, 7, 30
8, 2346, 2363, 7, 30
9, 2368, 2384, 7, 30
+, 2389, 2408, 12, 30
-, 2415, 2426, 18, 30
=, 2434, 2450, 15, 30
/, 2456, 2472, 5, 34, 30
*, 2479, 2494, 5, 30
%, 2499, 2518, 5, 30
\, 2423, 2540, 5, 34, 30
#, 2543, 2562, 7, 30
§, 2567, 2583, 5, 34, 30
@, 2587, 2607, 5, 38, 33
(, 2614, 2626, 4, 37, 33
{, 2633, 2648, 5, 37, 33
[, 2659, 2669, 5, 37, 33
], 2680, 2690, 5, 37, 33
}, 2701, 2715, 5, 37, 33
), 2724, 2735, 4, 37, 33
|, 2749, 2754, 1, 37, 33
_, 2764, 2784, 33, 37
_", 2790, 2802, 5, 33
', 2815, 2821, 5, 33
!, 2837, 2843, 5, 31
?, 2857, 2870, 5, 31
, 2878, 2888, 23, 36, 33
., 2903, 2910, 23, 31
:, 2925, 2932, 12, 33
;, 2945, 2954, 12, 37, 33
ª, 2966, 2979, 7, 33
º, 2988, 3003, 7, 33
°, 3010, 3024, 5, 33 
¹, 3032, 3045, 5, 33
², 3055, 3067, 5, 33 
³, 3078, 3090, 5, 33
£, 3097, 3114, 7, 30
¢, 3119, 3135, 4, 35, 30