char, left, right, top, bottom, offset_y, offset_x
a, 24, 68, 52, 109
A, 78, 142, 33, 107
b, 154, 201, 28, 109
B, 216, 264, 35, 108
c, 274, 315, 52, 108
C, 324, 378,34, 109
d, 386, 434, 28, 108
D, 452, 510, 35, 109
e, 519, 567, 52, 109
E, 582, 624, 35, 109
f, 631, 667, 27, 108
F, 675, 715, 33, 108
g, 722, 771, 53, 129, 110
G, 779, 839, 34, 109
h, 857, 902, 28, 109 
H, 919, 973, 33, 109
i, 990, 1003, 31, 108
I, 1019, 1031, 33, 108 
j, 1037, 1061, 33, 130, 109
J, 1067, 1095, 34, 110
k, 1113, 1154, 28, 108
K, 1167, 1216, 33, 109
l, 1227, 1238, 28, 108
L, 1255, 1294, 34, 109
m, 1303, 1380, 52, 108
M, 1397, 1479, 34, 108
n, 1496, 1541, 52, 109
N, 1559, 1616, 34, 108
o, 1628, 1681, 52, 108
O, 1692, 1759, 32, 109
p, 1773, 1822, 53, 129, 109
P, 1835, 1882, 33, 108
q, 1890, 1938, 53, 130, 109
Q, 1952, 2029, 33, 120, 109, 2020
r, 29, 60, 168, 226,
R, 72, 121, 150, 225
s, 129, 165, 149, 226
S, 174, 220, 149, 226
t, 226, 261, 156, 227
T, 264, 321, 150, 226
u, 327, 374, 169, 226
U, 392, 449, 150, 226
v, 459, 510, 169, 226
V, 511, 574, 150, 226
w, 578, 657, 169, 226
W, 661, 760, 150, 226
x, 766, 812, 169, 225
X, 818, 872, 150, 226
y, 878, 927, 170, 247, 226
Y, 930, 985, 150, 226
z, 990, 1026, 171, 226
Z, 1035, 1083, 152, 226
!, 1101, 1113, 145, 228
?, 1131, 1174, 146, 227
., 1184, 1208, 210, 227
;, 1241, 1262, 170, 242, 226
:, 1278, 1293, 170, 235
, 1209, 1231, 211, 243, 225
0, 513, 566, 266, 343
1, 580, 625, 267, 343
2, 635, 684, 267, 343
3, 694, 742, 266, 343
4, 750, 804, 267, 343
5, 812, 860, 267, 343
6, 871, 918, 266, 343
7, 930, 981, 267, 343
8, 990, 1041, 267, 343
9, 1049, 1099, 266, 343
<, 371, 422, 280, 344
>, 431, 482,280, 344
/, 1299, 1346, 141, 242
\, 1399, 1446, 141, 242
|, 1367, 1379, 143, 247
(, 1451, 1475, 144, 246,
), 1485, 1508, 144, 246
{, 1519, 1550, 144, 246
}, 1559, 1589, 144, 246
[, 1599, 1621, 144, 246 
], 1628, 1650, 144, 246
